  infile=247_35.R dip=   36.0000000      rake=  -95.0000000    
 depth=   7.00000000    
  0.222438917      0.724998832     -0.947437644     -0.404836267     -0.198323742      0.245774984    
